
A =

   1.0e+04 *

    0.0003    1.5920    0.0010    0.7953
    0.0002    0.0017    0.0010    0.0001
   -0.0002    0.0005   -0.0002    0.0003


A =

   1.0e+04 *

    0.0002    0.0017    0.0010    0.0001
         0    1.5895   -0.0004    0.7952
         0         0    0.0005   -0.0005


A =

    1.0000         0         0    1.0000
         0    1.0000         0    0.5000
         0         0    1.0000   -1.0000


ans =

    1.0000
    0.5000
   -1.0000
